[1] 110950      8
[1] TRUE
[1] 110950      6
start par. =  1 1 fn =  383638.7 
At return
eval:  78 fn:      362457.75 par:  2.33753  2.34527
(NM) 20: f = 362456 at      2.33753      2.34527    -0.165207   0.00159211 -0.000844295   0.00188549  1.35797e-06    0.0016161  -0.00409674     0.284714     -3.82909     -5.61062     -5.07811      3.82431      5.62743      5.08004
(NM) 40: f = 362455 at      2.33028      2.34217    -0.169314    0.0065891   0.00601456   0.00243452   0.00289605 -0.000477764    0.0061655     0.285665     -3.85221      -5.6258     -5.08416      3.83608      5.62358      5.09569
(NM) 60: f = 362454 at      2.32704      2.34034    -0.164019 -0.000330323   0.00484911   0.00081073   0.00640742    0.0241933   0.00164103     0.287177     -3.84443     -5.65261     -5.09377      3.83421      5.63016      5.09754
(NM) 80: f = 362453 at     2.32091     2.34117    -0.16327  -0.0102811   0.0210036 -0.00589429   0.0212507   0.0459569  -0.0270115    0.287971    -3.85994    -5.68664    -5.11319     3.84287     5.65063     5.12018
(NM) 100: f = 362452 at     2.31781     2.33869    -0.15868  -0.0211988    0.030242 -0.00536874    0.039079   0.0634113  -0.0280093    0.290096    -3.91111    -5.71246    -5.14302     3.84064     5.68909     5.14365
(NM) 120: f = 362451 at    2.32332    2.34393  -0.160773 -0.0235343  0.0349054  0.0174024   0.046144  0.0588768 -0.0562915   0.289327   -3.91864   -5.73382   -5.16516    3.86584    5.71614    5.14542
(NM) 140: f = 362451 at      2.33011      2.34381    -0.160999   -0.0222104    0.0271444 -0.000720118    0.0370935    0.0214148   -0.0319237       0.2884      -3.9037      -5.6949     -5.17844      3.84726      5.70791      5.15226
(NM) 160: f = 362450 at     2.33571     2.34713   -0.162772 -0.00401685 -0.00202155  0.00697429   0.0225548    0.020438  -0.0802442      0.2888    -3.91815    -5.69661    -5.21384     3.87003     5.73155     5.16985
(NM) 180: f = 362450 at     2.3359    2.34766  -0.160031 -0.0101862 0.00455015  0.0269872  0.0178335  0.0146068 -0.0456115   0.286541   -3.89805   -5.72743   -5.21554    3.87379    5.73823     5.1767
(NM) 200: f = 362450 at     2.33166     2.34901   -0.157516  -0.0124884 -0.00699401     0.01961   0.0376712   0.0268652  -0.0629972    0.290027    -3.92415    -5.74506     -5.2293     3.87359     5.74378     5.19313
(NM) 220: f = 362449 at    2.33732    2.34637  -0.159293 0.00332781 -0.0352753  0.0287662  0.0157085 0.00682869 -0.0474405   0.289187   -3.90305   -5.72977   -5.24334    3.88005    5.74096    5.18342
(NM) 240: f = 362449 at      2.33446      2.34653    -0.156388   -0.0154727   -0.0340024    0.0227557    0.0360982 -0.000742214   -0.0249631     0.288647     -3.90775     -5.74581     -5.24894      3.88754      5.74614      5.19929
(NM) 260: f = 362449 at    2.33775    2.34865  -0.157381 0.00830752 -0.0400809  0.0110236  0.0194259 -0.0194284 -0.0255929   0.288453   -3.90805   -5.73844   -5.25345    3.89987    5.73974    5.20445
(NM) 280: f = 362449 at     2.33717     2.34969   -0.153826 -0.00180816   -0.014841   0.0279959   0.0203881  -0.0243398  -0.0170812    0.290001    -3.93036    -5.75755    -5.26199     3.90141     5.74449     5.21412
(NM) 300: f = 362449 at     2.33717     2.34969   -0.153826 -0.00180816   -0.014841   0.0279959   0.0203881  -0.0243398  -0.0170812    0.290001    -3.93036    -5.75755    -5.26199     3.90141     5.74449     5.21412
(NM) 320: f = 362449 at    2.33495    2.35032  -0.155974  0.0117285 -0.0155078 0.00687634  0.0110909 -0.0280408   -0.01428   0.289858   -3.92123   -5.75152   -5.25664    3.90328    5.73412    5.21287
(NM) 340: f = 362449 at    2.33515    2.34834  -0.151437 0.00609944 0.00645569 0.00889363  0.0121131 -0.0282379 -0.0216663   0.290031    -3.9274   -5.74955   -5.25499    3.89467    5.73608    5.21081
(NM) 360: f = 362449 at      2.33573      2.34879    -0.153893     0.010392   -0.0126163 -0.000630693    0.0108702   -0.0328889   -0.0227166     0.289646     -3.91968     -5.74831     -5.26127      3.90445      5.73807      5.21631
(NM) 380: f = 362449 at     2.33544      2.3479    -0.15154  0.00436307 -0.00404476  0.00574935   0.0120211  -0.0231192  -0.0231646    0.290047    -3.92458     -5.7464    -5.25246     3.89572     5.73509     5.20849
(NM) 400: f = 362449 at      2.33642      2.34763    -0.150136   0.00286929   -0.0112463 -0.000902379   0.00779937   -0.0264945    -0.021509     0.289868     -3.91926     -5.74485     -5.25527      3.90063      5.73322      5.20967
(NM) 420: f = 362449 at     2.33388     2.34561   -0.147002 -0.00107944  -0.0146214  -0.0141522  0.00600844  -0.0206765  -0.0136283    0.289907    -3.91791    -5.74771     -5.2522     3.89856     5.73029     5.21216
(NM) 440: f = 362449 at      2.33516      2.34512    -0.147121 -0.000412838   -0.0193606   -0.0118509   0.00407971   -0.0248924   -0.0180005     0.290243     -3.92276     -5.74975     -5.26293      3.90463      5.73624      5.21887
(NM) 460: f = 362449 at      2.3341     2.34506   -0.146207 -0.00185039    -0.01321  -0.0135278  0.00296288  -0.0181603  -0.0206344    0.290537    -3.92697    -5.75188    -5.25863     3.90313     5.73356     5.21864
(NM) 480: f = 362449 at       2.336     2.34418   -0.145968 -0.00150403  -0.0201742  -0.0164035 -0.00110897  -0.0209402  -0.0253141    0.290566    -3.92677     -5.7458     -5.2633     3.90491     5.73483     5.21981
(NM) 500: f = 362449 at     2.33598     2.34389   -0.142511 -0.00554866  -0.0155214  -0.0165543 -0.00143154  -0.0193712  -0.0192885    0.290488    -3.92661    -5.74427    -5.25851     3.90036     5.73323     5.21545
(NM) 520: f = 362449 at     2.33518     2.34467   -0.144484 -0.00829965  -0.0181772  -0.0162444  0.00161868  -0.0185667  -0.0181612    0.290197    -3.92377    -5.74857    -5.25962     3.90364     5.73526     5.21787
(NM) 540: f = 362449 at      2.33585       2.3444    -0.143767  -0.00799021   -0.0172774   -0.0166928 -0.000659668   -0.0181287   -0.0195055     0.290292     -3.92341     -5.74855     -5.25993      3.90332      5.73421      5.21783
(NM) 560: f = 362449 at     2.33624     2.34542   -0.143297  -0.0117489  -0.0164165  -0.0155136 -0.00475155  -0.0204361  -0.0168103    0.290174    -3.92418    -5.74931    -5.26339     3.90577     5.73599     5.21997
(NM) 580: f = 362448 at     2.33737     2.34407   -0.141065  -0.0160481  -0.0158669  -0.0133823 -0.00593123  -0.0171218  -0.0196486    0.290493    -3.92728    -5.75083    -5.26511     3.90518     5.73712     5.22071
(NM) 600: f = 362448 at    2.33693    2.34493  -0.139606 -0.0186969 -0.0112761 -0.0170541 -0.0114477 -0.0147334 -0.0193495    0.29049   -3.92841   -5.75364   -5.26479    3.90593    5.73639    5.22431
(NM) 620: f = 362448 at     2.33645     2.34563   -0.142219  -0.0130451  -0.0134374  -0.0163212 -0.00747924  -0.0148914  -0.0230356     0.29039    -3.92574    -5.74914    -5.26179     3.90395     5.73484      5.2208
(NM) 640: f = 362448 at    2.33763     2.3457  -0.140979 -0.0171273 -0.0137211 -0.0156622 -0.0123514 -0.0163117 -0.0213117    0.29038   -3.92592     -5.752   -5.26618    3.90562    5.73649      5.225
(NM) 660: f = 362448 at    2.33763     2.3457  -0.140979 -0.0171273 -0.0137211 -0.0156622 -0.0123514 -0.0163117 -0.0213117    0.29038   -3.92592     -5.752   -5.26618    3.90562    5.73649      5.225
(NM) 680: f = 362448 at    2.33755    2.34613  -0.140186 -0.0163509  -0.012259 -0.0221827  -0.016352 -0.0135426  -0.023929   0.290385   -3.92457   -5.75036   -5.26374     3.9037    5.73374    5.22648
(NM) 700: f = 362448 at    2.33755    2.34555  -0.141359 -0.0149788 -0.0146408 -0.0189167 -0.0122864 -0.0131728 -0.0250152   0.290348   -3.92424   -5.74998    -5.2635    3.90284    5.73545    5.22462
(NM) 720: f = 362448 at    2.33772    2.34615  -0.141312 -0.0165047 -0.0131964 -0.0189749 -0.0135518 -0.0139623 -0.0236984   0.290286   -3.92379    -5.7515   -5.26474    3.90222     5.7363    5.22667
(NM) 740: f = 362448 at    2.33766    2.34587  -0.141957 -0.0145749 -0.0137786  -0.019617 -0.0130584 -0.0143196 -0.0257121    0.29039   -3.92501   -5.75074   -5.26575    3.90142    5.73685     5.2286
(NM) 760: f = 362448 at    2.33718    2.34517  -0.141585 -0.0154662 -0.0148149 -0.0194988  -0.010185 -0.0135566 -0.0224588   0.290439   -3.92619   -5.75261   -5.26486    3.89967    5.73773     5.2294
(NM) 780: f = 362448 at    2.33763    2.34539  -0.140681 -0.0172366 -0.0158056 -0.0193428 -0.0116086 -0.0129511 -0.0214887   0.290363   -3.92443   -5.75114   -5.26361    3.90087    5.73601    5.22686
(NM) 800: f = 362448 at    2.33764    2.34555  -0.141427 -0.0159527 -0.0134209 -0.0177186 -0.0125545  -0.014517 -0.0222214   0.290453   -3.92617   -5.75123   -5.26478    3.89948    5.73661     5.2297
(NM) 820: f = 362448 at    2.33756    2.34571  -0.142183 -0.0138067  -0.015316 -0.0177181 -0.0110485 -0.0151802 -0.0205571   0.290356   -3.92338   -5.74972   -5.26226    3.89882    5.73445    5.22748
(NM) 840: f = 362448 at    2.33788    2.34579  -0.142192 -0.0139461 -0.0152896 -0.0167069 -0.0133809 -0.0156156 -0.0225677   0.290441   -3.92516   -5.74929    -5.2635     3.8997    5.73475    5.22928
(NM) 860: f = 362448 at    2.33757    2.34551    -0.1427 -0.0119031 -0.0169741 -0.0169113 -0.0117844 -0.0156338  -0.022986   0.290489   -3.92561   -5.74819   -5.26271    3.89852    5.73475     5.2302
(NM) 880: f = 362448 at    2.33807    2.34579  -0.141797 -0.0159983 -0.0157504  -0.015438 -0.0145564 -0.0138888 -0.0218547   0.290475   -3.92517    -5.7497   -5.26212    3.89922    5.73367    5.23009
(NM) 900: f = 362448 at    2.33761    2.34544  -0.141197  -0.016085 -0.0177511  -0.015274 -0.0127882 -0.0160841  -0.016617   0.290524   -3.92648   -5.75071   -5.26192    3.89984    5.73352    5.23208
(NM) 920: f = 362448 at    2.33828    2.34602  -0.142208 -0.0148844 -0.0182785 -0.0130215 -0.0148485 -0.0146743 -0.0207209   0.290447   -3.92435   -5.74875   -5.26024    3.89765     5.7328    5.23229
(NM) 940: f = 362448 at    2.33776    2.34542  -0.141269 -0.0162088 -0.0198054 -0.0162769  -0.013157  -0.013081  -0.020109   0.290464   -3.92499   -5.75074   -5.26039    3.89884    5.73362    5.23332
(NM) 960: f = 362448 at    2.33761    2.34544  -0.141913 -0.0142166  -0.021903  -0.014422 -0.0124499 -0.0127759  -0.022001    0.29046   -3.92535   -5.75001   -5.25843    3.89823    5.73368    5.23508
(NM) 980: f = 362448 at    2.33794    2.34545  -0.140879 -0.0156638 -0.0220919  -0.013157 -0.0148221 -0.0110997 -0.0235077   0.290369   -3.92448   -5.74997    -5.2562    3.89693    5.73361    5.23683
(NM) 1000: f = 362448 at    2.33788    2.34543  -0.141355 -0.0145232 -0.0218913 -0.0138803 -0.0148165 -0.0127845 -0.0241067   0.290419    -3.9253   -5.74966   -5.25899     3.8993    5.73432    5.23568
(NM) 1020: f = 362448 at    2.33761    2.34533  -0.140978 -0.0131131 -0.0229855 -0.0126985 -0.0139231 -0.0126053 -0.0237316    0.29035   -3.92451   -5.74848   -5.25581      3.898    5.73353    5.23511
(NM) 1040: f = 362448 at    2.33749     2.3455  -0.141175  -0.012955 -0.0209726 -0.0106948 -0.0139291 -0.0151409 -0.0217282   0.290329   -3.92518   -5.74881   -5.25638    3.89796     5.7338    5.23581
(NM) 1060: f = 362448 at    2.33784    2.34568  -0.140512 -0.0137986 -0.0225255 -0.0123174  -0.017048 -0.0130903 -0.0265059   0.290317   -3.92549   -5.74931    -5.2577    3.90004    5.73522    5.23806
(NM) 1080: f = 362448 at    2.33742    2.34554  -0.140457 -0.0130966 -0.0220292 -0.0116846 -0.0158835 -0.0142339 -0.0245778   0.290314   -3.92594   -5.74954   -5.25666     3.8999     5.7349    5.23858
(NM) 1100: f = 362448 at    2.33724     2.3459  -0.140284 -0.0139306  -0.020506 -0.0132334 -0.0167541 -0.0150807 -0.0242643   0.290226   -3.92547   -5.75141    -5.2584    3.90167    5.73589    5.23961
(NM) 1120: f = 362448 at    2.33724     2.3459  -0.140284 -0.0139306  -0.020506 -0.0132334 -0.0167541 -0.0150807 -0.0242643   0.290226   -3.92547   -5.75141    -5.2584    3.90167    5.73589    5.23961
(NM) 1140: f = 362448 at    2.33739    2.34563  -0.140627 -0.0134327 -0.0201658 -0.0130537 -0.0156048 -0.0146196 -0.0242822   0.290265   -3.92504    -5.7504   -5.25821    3.89994    5.73558    5.23773
(NM) 1160: f = 362448 at     2.3374    2.34558  -0.140003 -0.0140927 -0.0211955 -0.0136417 -0.0164598  -0.014556 -0.0243207   0.290243   -3.92531   -5.75081   -5.25843    3.90104    5.73599    5.23868
(NM) 1180: f = 362448 at    2.33725     2.3457  -0.140591 -0.0130211 -0.0208591 -0.0131184 -0.0156561 -0.0155701 -0.0234373   0.290247   -3.92513   -5.75059   -5.25822    3.90084    5.73548    5.23848
(NM) 1200: f = 362448 at    2.33725    2.34576  -0.140334 -0.0133821 -0.0206707  -0.013176 -0.0163727 -0.0154753 -0.0238466   0.290215     -3.925   -5.75097    -5.2582    3.90129    5.73571    5.23918
(NM) 1220: f = 362448 at    2.33726    2.34565  -0.140597 -0.0127601 -0.0210424 -0.0128318 -0.0155304 -0.0153165 -0.0238621   0.290229   -3.92487    -5.7502   -5.25759    3.90037    5.73543    5.23839
(NM) 1240: f = 362448 at    2.33734    2.34568    -0.1404 -0.0125013  -0.021161 -0.0138023 -0.0170085 -0.0157778 -0.0245835   0.290224    -3.9247   -5.75049   -5.25859    3.90145    5.73568    5.23976
(NM) 1260: f = 362448 at    2.33704    2.34555  -0.140449 -0.0119092 -0.0211011 -0.0142579 -0.0166616 -0.0152757 -0.0254334   0.290208   -3.92446   -5.75054   -5.25773    3.90208    5.73551    5.23999
(NM) 1280: f = 362448 at    2.33724     2.3453  -0.140647 -0.0114659 -0.0211389 -0.0152055 -0.0168908 -0.0160533 -0.0242046   0.290241   -3.92376   -5.75029   -5.25835    3.90098    5.73515     5.2412
(NM) 1300: f = 362448 at    2.33729    2.34516  -0.140498 -0.0122237 -0.0205277 -0.0150846  -0.016739 -0.0145504 -0.0252981   0.290283   -3.92419   -5.75005   -5.25796    3.90045     5.7351    5.24013
(NM) 1320: f = 362448 at    2.33711      2.345  -0.140104  -0.011898 -0.0207081 -0.0152084 -0.0169835 -0.0150724 -0.0249537   0.290257    -3.9242   -5.74977   -5.25727    3.90108    5.73494    5.24069
(NM) 1340: f = 362448 at    2.33718    2.34504  -0.140156 -0.0123978 -0.0202282 -0.0159546 -0.0170253 -0.0147687 -0.0247176   0.290263   -3.92386   -5.75004   -5.25786    3.90117    5.73482    5.24003
(NM) 1360: f = 362448 at    2.33715    2.34503  -0.140376 -0.0121067 -0.0199127  -0.015394 -0.0166696 -0.0152108  -0.024398   0.290298   -3.92435   -5.74969   -5.25785    3.90104    5.73464    5.23996
(NM) 1380: f = 362448 at    2.33699    2.34496  -0.140744 -0.0118106 -0.0190201 -0.0158948 -0.0160936 -0.0153055  -0.024417   0.290288    -3.9239    -5.7495   -5.25771    3.90125    5.73435    5.23943
(NM) 1400: f = 362448 at    2.33705    2.34495  -0.140883 -0.0127293 -0.0183024 -0.0145848 -0.0162192  -0.014424  -0.025318   0.290312    -3.9245   -5.74888   -5.25665    3.90092    5.73409    5.23954
(NM) 1420: f = 362448 at    2.33666     2.3449  -0.141832 -0.0120097 -0.0170888 -0.0142636 -0.0144824 -0.0165785 -0.0229206   0.290278   -3.92411   -5.74859    -5.2561    3.90118     5.7335    5.24019
(NM) 1440: f = 362448 at    2.33673    2.34482  -0.142316 -0.0120872 -0.0169143 -0.0137707 -0.0140513 -0.0155224 -0.0243869   0.290297   -3.92408   -5.74828   -5.25558    3.90036    5.73365    5.24044
(NM) 1460: f = 362448 at    2.33671    2.34495  -0.142362 -0.0119236 -0.0173381 -0.0140873 -0.0147779 -0.0155285 -0.0254256   0.290216   -3.92328   -5.74852   -5.25525    3.90097    5.73394    5.24164
(NM) 1480: f = 362448 at    2.33679    2.34502  -0.143334   -0.01257 -0.0160613 -0.0129746 -0.0137127 -0.0162838 -0.0240741   0.290225   -3.92318   -5.74814   -5.25517    3.90012    5.73364    5.24187
(NM) 1500: f = 362448 at    2.33695     2.3449  -0.142847 -0.0136269 -0.0152962 -0.0131943 -0.0154386 -0.0154561 -0.0257885   0.290226   -3.92334   -5.74788   -5.25517    3.90105    5.73374    5.24251
(NM) 1520: f = 362448 at     2.3372    2.34506  -0.142732 -0.0143061 -0.0159501 -0.0132496 -0.0158607 -0.0149755 -0.0257767   0.290224   -3.92312   -5.74798   -5.25565     3.9008    5.73378    5.24188
(NM) 1540: f = 362448 at    2.33694    2.34501  -0.143582 -0.0135484 -0.0151064 -0.0133454 -0.0148048 -0.0159343 -0.0258322   0.290146    -3.9222   -5.74794   -5.25521    3.90095    5.73402    5.24282
(NM) 1560: f = 362448 at    2.33712    2.34499  -0.143647   -0.01392 -0.0151405 -0.0127263 -0.0147056 -0.0156513 -0.0257591   0.290203    -3.9228   -5.74745   -5.25531    3.90038    5.73389    5.24235
(NM) 1580: f = 362448 at    2.33715    2.34505  -0.143277 -0.0141313  -0.015141 -0.0133115 -0.0152651 -0.0160191 -0.0261054   0.290141   -3.92246   -5.74799    -5.2562    3.90127    5.73465     5.2421
(NM) 1600: f = 362448 at    2.33694    2.34497  -0.143857 -0.0142546 -0.0140617 -0.0128527 -0.0138474 -0.0164046 -0.0259253    0.29011   -3.92241   -5.74771   -5.25567    3.90133    5.73482    5.24181
(NM) 1620: f = 362448 at    2.33694    2.34497  -0.143857 -0.0142546 -0.0140617 -0.0128527 -0.0138474 -0.0164046 -0.0259253    0.29011   -3.92241   -5.74771   -5.25567    3.90133    5.73482    5.24181
(NM) 1640: f = 362448 at    2.33717    2.34501  -0.143858 -0.0140246 -0.0151347 -0.0122826 -0.0143996 -0.0171621 -0.0261039   0.290107   -3.92267   -5.74743   -5.25628    3.90142    5.73533    5.24269
(NM) 1660: f = 362448 at    2.33718    2.34493  -0.143595 -0.0140134 -0.0155091 -0.0129852  -0.014452 -0.0164617 -0.0261127   0.290145   -3.92273   -5.74767   -5.25644    3.90124     5.7351    5.24221
(NM) 1680: f = 362448 at    2.33722    2.34494   -0.14354 -0.0143908 -0.0157157 -0.0124186 -0.0141729 -0.0167461 -0.0258253   0.290133   -3.92305   -5.74762   -5.25646    3.90131    5.73545    5.24217
(NM) 1700: f = 362448 at    2.33719    2.34479  -0.143819 -0.0144843 -0.0160929 -0.0121477 -0.0135169 -0.0166564 -0.0261141    0.29011   -3.92291   -5.74738   -5.25585    3.90111    5.73568    5.24283
(NM) 1720: f = 362448 at    2.33727    2.34476  -0.144043 -0.0148769 -0.0161567 -0.0126245 -0.0137281 -0.0169958 -0.0263159   0.290085    -3.9226   -5.74731    -5.2564    3.90179    5.73594    5.24336
(NM) 1740: f = 362448 at    2.33719    2.34448  -0.144026 -0.0155853 -0.0164145 -0.0136145 -0.0130443 -0.0163043 -0.0261446   0.290088   -3.92243   -5.74748    -5.2562    3.90206    5.73589    5.24336
(NM) 1760: f = 362448 at    2.33733    2.34457  -0.144126 -0.0160779 -0.0165864  -0.013114 -0.0128531  -0.016462 -0.0257218   0.290105   -3.92275   -5.74735   -5.25662    3.90206    5.73596     5.2428
(NM) 1780: f = 362448 at    2.33733    2.34457  -0.144126 -0.0160779 -0.0165864  -0.013114 -0.0128531  -0.016462 -0.0257218   0.290105   -3.92275   -5.74735   -5.25662    3.90206    5.73596     5.2428
(NM) 1800: f = 362448 at    2.33726    2.34469  -0.144209  -0.015915 -0.0168547 -0.0129572 -0.0128663  -0.016592 -0.0255223   0.290078   -3.92251   -5.74752   -5.25621     3.9021    5.73582     5.2432
(NM) 1820: f = 362448 at    2.33726    2.34469  -0.144209  -0.015915 -0.0168547 -0.0129572 -0.0128663  -0.016592 -0.0255223   0.290078   -3.92251   -5.74752   -5.25621     3.9021    5.73582     5.2432
(NM) 1840: f = 362448 at     2.3373    2.34473  -0.144164 -0.0156697 -0.0170302 -0.0128621 -0.0132536 -0.0167225 -0.0257998   0.290092    -3.9227   -5.74732   -5.25636    3.90238    5.73574    5.24322
(NM) 1860: f = 362448 at     2.3373    2.34466  -0.144085 -0.0160793 -0.0174069 -0.0132816 -0.0133343 -0.0163754  -0.026029   0.290074   -3.92248   -5.74734   -5.25614     3.9028    5.73572    5.24347
(NM) 1880: f = 362448 at    2.33731     2.3448  -0.144129 -0.0159106 -0.0175535 -0.0128748 -0.0133608 -0.0165992 -0.0259057   0.290076   -3.92265    -5.7473   -5.25618    3.90287    5.73567    5.24326
(NM) 1900: f = 362448 at    2.33726    2.34469  -0.144132  -0.015932 -0.0172171  -0.013024 -0.0130484 -0.0165602 -0.0257212   0.290083   -3.92265   -5.74732   -5.25612    3.90262    5.73569    5.24321
(NM) 1920: f = 362448 at    2.33722    2.34471  -0.144182 -0.0157088 -0.0171563 -0.0132366 -0.0131089 -0.0164263 -0.0259285   0.290088   -3.92256   -5.74725   -5.25601     3.9028    5.73546    5.24309
(NM) 1940: f = 362448 at    2.33722    2.34471  -0.144182 -0.0157088 -0.0171563 -0.0132366 -0.0131089 -0.0164263 -0.0259285   0.290088   -3.92256   -5.74725   -5.25601     3.9028    5.73546    5.24309
(NM) 1960: f = 362448 at    2.33719    2.34473  -0.144263 -0.0156647 -0.0173726 -0.0129791 -0.0128752   -0.01651 -0.0258565   0.290083   -3.92263   -5.74717   -5.25579     3.9028    5.73548    5.24318
(NM) 1980: f = 362448 at    2.33719    2.34473   -0.14422 -0.0156921 -0.0172687 -0.0132599 -0.0128892 -0.0164503 -0.0257665    0.29009    -3.9226   -5.74727   -5.25601    3.90288    5.73543    5.24292
(NM) 2000: f = 362448 at    2.33723    2.34472  -0.144301 -0.0160258 -0.0174939 -0.0130931 -0.0126442 -0.0165308 -0.0255239    0.29008   -3.92259   -5.74722   -5.25594    3.90287    5.73554     5.2431
(NM) 2020: f = 362448 at    2.33724    2.34473  -0.144253 -0.0157987 -0.0175468 -0.0131093 -0.0126469 -0.0166018 -0.0254804   0.290094   -3.92271   -5.74712   -5.25604     3.9028    5.73551    5.24297
(NM) 2040: f = 362448 at     2.3373    2.34468  -0.144068 -0.0160185 -0.0175586 -0.0141157  -0.013098 -0.0160471 -0.0257171   0.290106   -3.92235   -5.74721   -5.25628    3.90287    5.73535    5.24306
(NM) 2060: f = 362448 at    2.33737    2.34488  -0.144212  -0.016063 -0.0183017 -0.0136118 -0.0126137 -0.0164032 -0.0252651   0.290092   -3.92248   -5.74711   -5.25635    3.90287    5.73558    5.24295
(NM) 2080: f = 362448 at    2.33733     2.3449   -0.14413 -0.0157797 -0.0184666 -0.0139981 -0.0124651 -0.0159573 -0.0254275   0.290106   -3.92237   -5.74698   -5.25599    3.90265    5.73538    5.24292
(NM) 2100: f = 362448 at    2.33733    2.34499  -0.143898 -0.0155801 -0.0191429 -0.0148842 -0.0124024 -0.0154053 -0.0255376   0.290121   -3.92221   -5.74683   -5.25586    3.90284    5.73516    5.24273
(NM) 2120: f = 362448 at    2.33735    2.34504  -0.143721  -0.015268 -0.0193364 -0.0157141 -0.0123784 -0.0153885 -0.0256674   0.290143   -3.92226    -5.7464   -5.25606    3.90308    5.73522      5.243
(NM) 2140: f = 362448 at    2.33738    2.34502  -0.143939 -0.0152521 -0.0190598 -0.0151573  -0.012143 -0.0159345 -0.0255033   0.290131   -3.92235   -5.74641   -5.25636    3.90287    5.73556    5.24299
(NM) 2160: f = 362448 at    2.33732    2.34497  -0.144055 -0.0146027  -0.018384 -0.0154377 -0.0118624 -0.0164287 -0.0255102   0.290157    -3.9225   -5.74585   -5.25645    3.90289    5.73553     5.2432
(NM) 2180: f = 362448 at    2.33733    2.34501  -0.144241 -0.0147165 -0.0178573 -0.0156422 -0.0118031 -0.0166903 -0.0255068   0.290135   -3.92222   -5.74604    -5.2569     3.9029    5.73581    5.24325
(NM) 2200: f = 362448 at    2.33734    2.34502  -0.144395 -0.0149847 -0.0181043 -0.0154578 -0.0118372 -0.0166556 -0.0255993   0.290107   -3.92197   -5.74611   -5.25666    3.90301    5.73582    5.24357
(NM) 2220: f = 362448 at    2.33735    2.34511    -0.1444  -0.015258 -0.0183696 -0.0156875 -0.0115103 -0.0166976 -0.0252784   0.290095   -3.92189   -5.74609   -5.25672    3.90322    5.73594    5.24354
(NM) 2240: f = 362448 at    2.33736    2.34514  -0.144244  -0.015264 -0.0187192  -0.015863 -0.0115652 -0.0163143 -0.0255028   0.290109   -3.92204     -5.746   -5.25651    3.90328    5.73587    5.24367
(NM) 2260: f = 362448 at    2.33736    2.34509  -0.144253  -0.015423 -0.0186653  -0.015623 -0.0116926 -0.0162065 -0.0255448     0.2901   -3.92196   -5.74605   -5.25624     3.9031    5.73581    5.24385
(NM) 2280: f = 362448 at    2.33738    2.34518  -0.144266 -0.0155875 -0.0184055 -0.0157479 -0.0115888 -0.0162831 -0.0256488   0.290093   -3.92201   -5.74616   -5.25657    3.90313    5.73621    5.24406
(NM) 2300: f = 362448 at    2.33728    2.34512  -0.144189 -0.0154005 -0.0177487 -0.0158777 -0.0114648 -0.0159769 -0.0257421   0.290122   -3.92221    -5.7462   -5.25642    3.90286    5.73603    5.24381
(NM) 2320: f = 362448 at    2.33736    2.34528  -0.144003 -0.0159048 -0.0174752 -0.0162048 -0.0116625 -0.0156026 -0.0258755    0.29013   -3.92231   -5.74615   -5.25646    3.90273    5.73626    5.24447
(NM) 2340: f = 362448 at    2.33736    2.34528  -0.144003 -0.0159048 -0.0174752 -0.0162048 -0.0116625 -0.0156026 -0.0258755    0.29013   -3.92231   -5.74615   -5.25646    3.90273    5.73626    5.24447
(NM) 2360: f = 362448 at     2.3373    2.34524  -0.144164 -0.0157761 -0.0173324 -0.0162245 -0.0112788 -0.0157569 -0.0256462   0.290123   -3.92216   -5.74602   -5.25625    3.90267    5.73615    5.24439
(NM) 2380: f = 362448 at    2.33729    2.34531  -0.144167 -0.0158366 -0.0176241 -0.0161629 -0.0112428 -0.0155945 -0.0256591    0.29012   -3.92217   -5.74609   -5.25609    3.90277    5.73607    5.24439
(NM) 2400: f = 362448 at    2.33724    2.34529  -0.144238 -0.0158941 -0.0171785 -0.0161465 -0.0110329 -0.0154941 -0.0255738   0.290125   -3.92218   -5.74611   -5.25595    3.90252    5.73602    5.24438
(NM) 2420: f = 362448 at    2.33724     2.3453  -0.144276 -0.0158608 -0.0172907 -0.0159161 -0.0110596 -0.0155984 -0.0255057   0.290123   -3.92223   -5.74618   -5.25597     3.9026    5.73596    5.24421
(NM) 2440: f = 362448 at    2.33726    2.34528  -0.144204 -0.0159534 -0.0173004 -0.0158248 -0.0112364 -0.0155596  -0.025562   0.290123   -3.92227   -5.74619   -5.25595    3.90259    5.73597    5.24424
(NM) 2460: f = 362448 at    2.33725    2.34527  -0.144333 -0.0157527 -0.0171167 -0.0159247 -0.0110725  -0.015844 -0.0253241   0.290127   -3.92218   -5.74601   -5.25602     3.9026    5.73586    5.24418
(NM) 2480: f = 362448 at    2.33726    2.34528  -0.144357  -0.015961 -0.0169741 -0.0157826 -0.0111167 -0.0158006 -0.0252593   0.290125    -3.9222   -5.74612   -5.25603    3.90252    5.73586    5.24422
(NM) 2500: f = 362448 at    2.33727    2.34528  -0.144276 -0.0160561 -0.0172077 -0.0159083 -0.0110557 -0.0156936 -0.0252451   0.290124   -3.92221    -5.7461   -5.25599     3.9026    5.73591    5.24421
(NM) 2520: f = 362448 at    2.33728    2.34524  -0.144258 -0.0161646 -0.0170593 -0.0159108 -0.0111115 -0.0157368 -0.0251697   0.290129   -3.92226   -5.74607   -5.25605    3.90261    5.73589    5.24422
(NM) 2540: f = 362448 at    2.33727    2.34527  -0.144306 -0.0160842 -0.0170142 -0.0158395 -0.0111269 -0.0157516 -0.0252126   0.290128   -3.92223   -5.74608   -5.25601    3.90256    5.73586    5.24425
(NM) 2560: f = 362448 at     2.3373    2.34527  -0.144252 -0.0163159 -0.0169686 -0.0158671 -0.0112146 -0.0156781 -0.0251574    0.29013   -3.92226   -5.74606     -5.256     3.9026    5.73585    5.24433
(NM) 2580: f = 362448 at    2.33731    2.34527  -0.144236 -0.0162468 -0.0170429 -0.0158671 -0.0112514 -0.0157473 -0.0251315   0.290129   -3.92226   -5.74604   -5.25605    3.90263    5.73584    5.24428
(NM) 2600: f = 362448 at    2.33731    2.34527  -0.144236 -0.0162468 -0.0170429 -0.0158671 -0.0112514 -0.0157473 -0.0251315   0.290129   -3.92226   -5.74604   -5.25605    3.90263    5.73584    5.24428
(NM) 2620: f = 362448 at     2.3373    2.34527  -0.144228 -0.0162403 -0.0169852 -0.0158501 -0.0112619 -0.0157078 -0.0251937   0.290132    -3.9223   -5.74607   -5.25606    3.90261    5.73586    5.24427
(NM) 2640: f = 362448 at    2.33731    2.34528  -0.144241 -0.0161847 -0.0170643 -0.0158678  -0.011283  -0.015727 -0.0251943    0.29013   -3.92226   -5.74603   -5.25602    3.90263    5.73582    5.24431
(NM) 2660: f = 362448 at    2.33731     2.3453  -0.144243 -0.0162394 -0.0170431 -0.0158458 -0.0112892 -0.0157135 -0.0251749    0.29013   -3.92226   -5.74605   -5.25603    3.90262    5.73583    5.24432
(NM) 2680: f = 362448 at    2.33732    2.34529  -0.144212 -0.0162464 -0.0171331 -0.0158571  -0.011342 -0.0156592 -0.0251846   0.290131   -3.92226   -5.74607   -5.25601    3.90265    5.73578    5.24427
(NM) 2700: f = 362448 at    2.33731    2.34531  -0.144235 -0.0163087 -0.0170617 -0.0158731 -0.0112707  -0.015631 -0.0251489   0.290131   -3.92226   -5.74608   -5.25601    3.90264    5.73579    5.24429
(NM) 2720: f = 362448 at    2.33732    2.34534  -0.144242 -0.0162203  -0.017011  -0.015895 -0.0113172 -0.0156857 -0.0251507   0.290135   -3.92227   -5.74603   -5.25604    3.90267    5.73575    5.24428
(NM) 2740: f = 362448 at    2.33731    2.34534   -0.14424 -0.0162716 -0.0169333 -0.0159269 -0.0112525 -0.0156332 -0.0251799   0.290136    -3.9223   -5.74608   -5.25606    3.90266    5.73581    5.24429
(NM) 2760: f = 362448 at    2.33728    2.34536  -0.144266 -0.0162167 -0.0167839 -0.0158869 -0.0112072 -0.0156084 -0.0252283   0.290138   -3.92233   -5.74611   -5.25603    3.90266    5.73579    5.24424
(NM) 2780: f = 362448 at    2.33729    2.34537  -0.144258 -0.0161768 -0.0168237 -0.0158983 -0.0112827 -0.0155858 -0.0253019   0.290138   -3.92232   -5.74615   -5.25607    3.90269    5.73578    5.24422
(NM) 2800: f = 362448 at    2.33728    2.34533  -0.144247 -0.0162363 -0.0166728 -0.0159862 -0.0111783 -0.0155845 -0.0252542   0.290142   -3.92236   -5.74613   -5.25612    3.90268    5.73583     5.2442
(NM) 2820: f = 362448 at    2.33729    2.34534  -0.144246 -0.0162558 -0.0166651 -0.0160074 -0.0112256 -0.0155546 -0.0253221   0.290142   -3.92235   -5.74618   -5.25617    3.90274    5.73584    5.24418
(NM) 2840: f = 362448 at    2.33729    2.34533    -0.1442 -0.0161511 -0.0166545 -0.0160994 -0.0113123 -0.0155092 -0.0254634   0.290148   -3.92239   -5.74623    -5.2563    3.90279    5.73585    5.24409
(NM) 2860: f = 362448 at    2.33729    2.34533  -0.144233 -0.0161619 -0.0165528 -0.0161162 -0.0112867  -0.015508 -0.0254812   0.290148   -3.92237   -5.74624   -5.25631    3.90279    5.73586     5.2441
(NM) 2880: f = 362448 at    2.33731    2.34532   -0.14421 -0.0163144 -0.0165777 -0.0161321 -0.0113491  -0.015399 -0.0255107   0.290144   -3.92232   -5.74632   -5.25631    3.90279    5.73587    5.24411
(NM) 2900: f = 362448 at    2.33729    2.34529  -0.144317  -0.016255 -0.0164005 -0.0160807 -0.0113447 -0.0155167 -0.0255422   0.290136   -3.92219   -5.74626   -5.25622    3.90277    5.73582     5.2442
(NM) 2920: f = 362448 at    2.33731     2.3453  -0.144333 -0.0162341 -0.0163476 -0.0162373 -0.0113703  -0.015456 -0.0256515   0.290141   -3.92215   -5.74626   -5.25633     3.9028    5.73584    5.24426
(NM) 2940: f = 362448 at    2.33731    2.34531  -0.144332 -0.0162021 -0.0164132  -0.016139 -0.0113887 -0.0155304 -0.0255949   0.290136   -3.92214   -5.74624   -5.25628     3.9028    5.73583    5.24426
(NM) 2960: f = 362448 at    2.33733    2.34532  -0.144308 -0.0162763 -0.0163971 -0.0161106 -0.0114415 -0.0155186  -0.025604   0.290139   -3.92219   -5.74626   -5.25635    3.90279    5.73587    5.24428
(NM) 2980: f = 362448 at 